% Channel angles

channelAnglesDeg = [3.257, 14.436; ...
                    3.263, 13.535; ...
                    1.091, 13.082; ...
                    3.268, 12.624; ...
                    1.093, 12.165; ...
                    3.273, 11.702; ...
                    1.094, 11.239; ...
                    3.278, 10.771; ...
                    1.095, 10.305; ...
                    3.283, 9.830; ...
                    1.096, 9.356; ...
                    3.288, 8.880; ...
                    1.097, 8.401; ...
                    3.291, 7.921; ...
                    1.098, 7.438; ...
                    -1.101, 6.953; ...
                    1.100, 6.467; ...
                    -1.104, 5.978; ...
                    -3.306, 5.487; ...
                    -1.106, 4.996; ...
                    -3.311, 4.501; ...
                    -1.109, 4.007; ...
                    -3.318, 3.509; ...
                    -1.111, 3.013; ...
                    -3.324, 2.512; ...
                    -1.113, 2.013; ...
                    7.72, 1.885; ...
                    5.535, 1.761; ...
                    3.325, 1.637; ...
                    -3.33, 1.511; ...
                    1.107, 1.386; ...
                    -5.538, 1.258; ...
                    -7.726, 1.13; ...
                    -1.115, 1.008; ...
                    7.731, 0.88; ...
                    5.543, 0.756; ...
                    3.329, 0.63; ...
                    -3.336, 0.505; ...
                    1.108, 0.379; ...
                    -5.547, 0.251; ...
                    -7.738, 0.124; ...
                    -1.117, 0.000; ...
                    7.743, -0.129; ...
                    5.551, -0.254; ...
                    3.335, -0.380; ...
                    -3.342, -0.506; ...
                    1.110, -0.632; ...
                    -5.555, -0.760; ...
                    -7.750, -0.887; ...
                    -1.119, -1.012; ...
                    7.757, -1.141; ...
                    5.560, -1.266; ...
                    3.340, -1.393; ...
                    -3.347, -1.519; ...
                    1.111, -1.646; ...
                    -5.564, -1.773; ...
                    -7.762, -1.901; ...
                    -1.121, -2.027; ...
                    7.768, -2.155; ...
                    5.569, -2.282; ...
                    3.345, -2.409; ...
                    -3.353, -2.535; ...
                    1.113, -2.663; ...
                    -5.573, -2.789; ...
                    -7.775, -2.916; ...
                    -1.123, -3.044; ...
                    7.780, -3.172; ...
                    5.578, -3.299; ...
                    3.351, -3.425; ...
                    -3.358, -3.552; ...
                    1.115, -3.680; ...
                    -5.582, -3.806; ...
                    -7.787, -3.933; ...
                    -1.125, -4.062; ...
                    7.792, -4.190; ...
                    5.586, -4.318; ...
                    3.356, -4.444; ...
                    -3.363, -4.571; ...
                    1.116, -4.699; ...
                    -5.591, -4.824; ...
                    -7.799, -4.951; ...
                    -1.127, -5.081; ...
                    7.804, -5.209; ...
                    5.595, -5.336; ...
                    3.360, -5.463; ...
                    -3.369, -5.589; ...
                    1.118, -5.718; ...
                    -5.599, -5.843; ...
                    -7.811, -5.968; ...
                    -1.129, -6.100; ...
                    -3.374, -6.607; ...
                    -1.130, -7.117; ...
                    -3.379, -7.624; ...
                    -1.132, -8.134; ...
                    -3.383, -8.640; ...
                    3.381, -9.149; ...
                    -3.388, -9.652; ...
                    3.386, -10.160; ...
                    1.129, -10.665; ...
                    3.390, -11.170; ...
                    1.129, -11.672; ...
                    3.395, -12.174; ...
                    1.131, -12.673; ...
                    3.401, -13.173; ...
                    1.133, -13.67; ...
                    3.406, -14.166; ...
                    1.135, -14.66; ...
                    3.410, -15.154; ...
                    1.137, -15.645; ...
                    3.416, -16.135; ...
                    1.139, -16.622; ...
                    -1.142, -17.106; ...
                    1.142, -17.592; ...
                    -1.143, -18.072; ...
                    -3.426, -18.548; ...
                    -1.143, -19.030; ...
                    -3.429, -19.501; ...
                    -1.145, -19.978; ...
                    -3.433, -20.445; ...
                    -1.145, -20.918; ...
                    -3.436, -21.379; ...
                    -1.146, -21.848; ...
                    -3.440, -22.304; ...
                    1.146, -22.768; ...
                    -3.443, -23.219; ...
                    -1.146, -23.678; ...
                    -3.446, -24.123; ...
                    -3.449, -25.016];